/Users/kabamaru/Desktop/matlab/upm_calibration/active_calibration/yellow_base
delta: 0.01070505651962671764 -0.06722345284252317921 -0.03089017107345514920
rpy: 3.12148546397231552163 -0.01876295705026196844 0.10236192367415890281
fc: 665.49213516386726041674 664.98397874717795730248
cc: 366.08910016553352306801 248.39451425645043514123
kc: -0.41618302374745735905 0.18323293672503468410 -0.00154826994718998173 0.00292684802966111830 0.00000000000000000000
