/Users/kabamaru/Desktop/matlab/upm_calibration/active_calibration/red_base
delta: 0.00186613576757430262 -0.06614515092809147845 -0.01334054866694768006
rpy: -3.13453672906077862592 -0.00213669092672443169 0.11200467126997579181
fc: 667.11582342365500153392 667.29082132395581083983
cc: 379.43180307082042190814 234.29123158659274395177
kc: -0.42399950787425427778 0.20396779072473769645 0.00014505749712079148 -0.00024869007597676197 0.00000000000000000000